rank,station_id,line_label,station_name,average_minutes,sample_size

1,0123,1号线,人民广场,34.7270,527

2,0245,2号线,人民广场,34.7270,527

3,0835,8号线,人民广场,34.7272,527

4,0934,9号线,徐家汇,34.9841,527

5,0118,1号线,徐家汇,34.9860,527

6,1149,11号线,徐家汇,34.9891,527

7,0121,1号线,陕西南路,35.7290,527

8,1052,10号线,陕西南路,35.7290,527

9,1233,12号线,陕西南路,35.7294,527

10,0122,1号线,一大会址·黄陂南路,35.8060,528

11,1435,14号线,一大会址·黄陂南路,35.8060,528

12,0244,2号线,南京西路,35.9975,527

13,1234,12号线,南京西路,35.9990,527

14,1334,13号线,南京西路,35.9990,527

15,0243,2号线,静安寺,36.0151,527

16,1434,14号线,静安寺,36.0156,527

17,0739,7号线,静安寺,36.0158,527

18,0834,8号线,大世界,36.1181,528

19,1436,14号线,大世界,36.1181,528

20,0242,2号线,江苏路,36.8190,528

21,1147,11号线,江苏路,36.8210,528

22,1050,10号线,交通大学,36.8483,528

23,1148,11号线,交通大学,36.8862,528

24,1437,14号线,豫园,37.1949,528

25,1055,10号线,豫园,37.2200,528

26,0832,8号线,陆家浜路,37.2996,528

27,0939,9号线,陆家浜路,37.2996,528

28,0320,3号线,曹杨路,37.3041,526

29,1145,11号线,曹杨路,37.3076,526

30,0407,4号线,曹杨路,37.3186,526

31,1431,14号线,曹杨路,37.3221,526

32,0125,1号线,汉中路,37.3668,527

33,1235,12号线,汉中路,37.3675,527

34,1332,13号线,汉中路,37.3675,527

35,0120,1号线,常熟路,37.6005,528

36,0740,7号线,常熟路,37.6027,528

37,1054,10号线,老西门,37.7869,528

38,0833,8号线,老西门,37.7934,528

39,0247,2号线,陆家嘴,37.9283,528

40,1438,14号线,陆家嘴,37.9283,528

41,0316,3号线,虹桥路,37.9876,527

42,0403,4号线,虹桥路,37.9876,527

43,1049,10号线,虹桥路,37.9880,527

44,0836,8号线,曲阜路,38.1031,528

45,1236,12号线,曲阜路,38.1050,528

46,1056,10号线,南京东路,38.2381,528

47,0246,2号线,南京东路,38.2473,528

48,0831,8号线,西藏南路,38.3100,528

49,0422,4号线,西藏南路,38.3120,528

50,1232,12号线,嘉善路,38.3279,528

51,0936,9号线,嘉善路,38.3336,528

52,0126,1号线,上海火车站,38.3887,527

53,0323,3号线,上海火车站,38.3887,527

54,0410,4号线,上海火车站,38.3887,527

55,0938,9号线,马当路,38.4890,528

56,1337,13号线,马当路,38.4909,528

57,0117,1号线,上海体育馆,38.5243,528

58,0401,4号线,上海体育馆,38.5243,528

59,0402,4号线,宜山路,38.5250,527

60,0315,3号线,宜山路,38.5252,527

61,0933,9号线,宜山路,38.5269,527

62,0318,3号线,中山公园,38.8370,527

63,0405,4号线,中山公园,38.8370,527

64,0241,2号线,中山公园,38.8371,527

65,1151,11号线,龙华,38.8379,528

66,1229,12号线,龙华,38.8379,528

67,1051,10号线,上海图书馆,39.0112,529

68,0249,2号线,世纪大道,39.1120,526

69,0417,4号线,世纪大道,39.1120,526

70,0632,6号线,世纪大道,39.1120,526

71,0942,9号线,世纪大道,39.1120,526

72,1053,10号线,一大会址·新天地,39.1856,528

73,1336,13号线,一大会址·新天地,39.1856,528

74,0424,4号线,大木桥路,39.2780,528

75,1231,12号线,大木桥路,39.2780,528

76,0119,1号线,衡山路,39.3018,529

77,1150,11号线,上海游泳馆,39.4549,529

78,1146,11号线,隆德路,39.5009,528

79,1328,13号线,隆德路,39.5009,528

80,0321,3号线,镇坪路,39.5357,527

81,0736,7号线,镇坪路,39.5357,527

82,0408,4号线,镇坪路,39.5359,527

83,0935,9号线,肇嘉浜路,39.5386,528

84,0741,7号线,肇嘉浜路,39.5447,528

85,1327,13号线,金沙江路,39.6700,527

86,0406,4号线,金沙江路,39.6708,527

87,0319,3号线,金沙江路,39.6710,527

88,1329,13号线,武宁路,39.7833,528

89,1432,14号线,武宁路,39.7847,528

90,1057,10号线,天潼路,39.8451,528

91,1237,12号线,天潼路,39.8476,528

92,1439,14号线,浦东南路,39.9300,529

93,1440,14号线,浦东大道,39.9388,528

94,0416,4号线,浦东大道,39.9660,528

95,1230,12号线,龙华中路,40.1639,528

96,0743,7号线,龙华中路,40.1641,528

97,0621,6号线,东方体育中心,40.4665,527

98,0826,8号线,东方体育中心,40.4673,527

99,1154,11号线,东方体育中心,40.4673,527

100,0837,8号线,中兴路,40.4971,529

101,1335,13号线,淮海中路,40.5275,529

102,0124,1号线,新闸路,40.6357,529

103,0742,7号线,东安路,40.7106,528

104,0425,4号线,东安路,40.7131,528

105,1442,14号线,昌邑路,40.7240,528

106,1836,18号线,昌邑路,40.7317,528

107,0937,9号线,打浦桥,40.9395,529

108,0116,1号线,漕宝路,40.9657,528

109,1227,12号线,漕宝路,40.9659,528

110,0737,7号线,长寿路,40.9802,528

111,1330,13号线,长寿路,40.9817,528

112,0746,7号线,耀华路,40.9990,528

113,0829,8号线,耀华路,40.9990,528

114,0248,2号线,浦东南路,41.0138,528

115,0317,3号线,延安西路,41.1081,528

116,0426,4号线,上海体育场,41.1138,529

117,0404,4号线,延安西路,41.1231,528

118,1433,14号线,武定路,41.2638,529

119,0322,3号线,中潭路,41.3183,528

120,0409,4号线,中潭路,41.3244,528

121,0940,9号线,小南门,41.3445,529

122,1832,18号线,龙阳路,41.3704,526

123,0252,2号线,龙阳路,41.3713,526

124,0752,7号线,龙阳路,41.3715,526

125,1621,16号线,龙阳路,41.3734,526

126,1048,10号线,宋园路,41.4119,529

127,0313,3号线,龙漕路,41.4446,528

128,1228,12号线,龙漕路,41.4652,528

129,0830,8号线,中华艺术宫,41.4905,529

130,0115,1号线,上海南站,41.5330,527

131,0311,3号线,上海南站,41.5342,527

132,1532,15号线,上海南站,41.5344,527

133,0828,8号线,成山路,41.5635,528

134,1341,13号线,成山路,41.5643,528

135,1834,18号线,杨高中路,41.7835,528

136,0943,9号线,杨高中路,41.7863,528

137,0240,2号线,娄山关路,41.7878,528

138,1538,15号线,娄山关路,41.7880,528

139,0941,9号线,商城路,41.7881,528

140,0838,8号线,西藏北路,41.8366,529

141,1441,14号线,源深路,41.8484,529

142,0326,3号线,虹口足球场,41.8703,528

143,0839,8号线,虹口足球场,41.8705,528

144,0314,3号线,漕溪路,42.1273,529

145,0423,4号线,鲁班路,42.1338,529

146,1152,11号线,云锦路,42.2701,529

147,1144,11号线,枫桥路,42.3145,529

148,0414,4号线,大连路,42.3334,528

149,1240,12号线,大连路,42.3386,528

150,0127,1号线,中山北路,42.3976,529

151,1333,13号线,自然博物馆,42.4836,529

152,1429,14号线,真如,42.4897,528

153,1143,11号线,真如,42.5011,528

154,0745,7号线,长清路,42.5219,528

155,1340,13号线,长清路,42.5227,528

156,0412,4号线,海伦路,42.5783,528

157,1059,10号线,海伦路,42.5785,528

158,1047,10号线,伊犁路,42.6419,529

159,0748,7号线,高科西路,42.7676,528

160,0627,6号线,高科西路,42.7682,528

161,1238,12号线,国际客运中心,42.8452,529

162,1338,13号线,世博会博物馆,42.8896,529

163,1839,18号线,江浦公园,42.8972,528

164,0324,3号线,宝山路,42.9333,528

165,0411,4号线,宝山路,42.9333,528

166,1241,12号线,江浦公园,42.9445,528

167,1153,11号线,龙耀路,42.9560,529

168,0738,7号线,昌平路,43.2325,529

169,0634,6号线,民生路,43.3185,528

170,1331,13号线,江宁路,43.3405,529

171,1835,18号线,民生路,43.3408,528

172,0747,7号线,云台路,43.3653,529

173,0932,9号线,桂林路,43.3956,528

174,1534,15号线,桂林路,43.4086,528

175,0420,4号线,塘桥,43.4703,529

176,0250,2号线,上海科技馆,43.6299,529

177,0827,8号线,杨思,43.6526,529

178,1840,18号线,江浦路,43.6812,528

179,1842,18号线,国权路,43.6814,528

180,1063,10号线,国权路,43.6822,528

181,0843,8号线,江浦路,43.6913,528

182,0421,4号线,南浦大桥,43.7120,529

183,1239,12号线,提篮桥,43.7581,529

184,1430,14号线,中宁路,43.8649,529

185,1046,10号线,水城路,43.9055,529

186,1058,10号线,四川北路,43.9996,529

187,0128,1号线,延长路,44.3214,529

188,1226,12号线,桂林公园,44.3233,528

189,1533,15号线,桂林公园,44.3233,528

190,0841,8号线,四平路,44.3507,528

191,1061,10号线,四平路,44.3577,528

192,0744,7号线,后滩,44.3832,529

193,1428,14号线,铜川路,44.4190,528

194,1542,15号线,铜川路,44.4200,528

195,0840,8号线,曲阳路,44.4325,529

196,0419,4号线,蓝村路,44.5847,528

197,0630,6号线,蓝村路,44.5847,528

198,1342,13号线,东明路,44.6229,528

199,0626,6号线,东明路,44.6231,528

200,1443,14号线,歇浦路,44.7549,529

201,1837,18号线,丹阳路,44.8225,529

202,1543,15号线,上海西站,44.8851,528

203,0415,4号线,杨树浦路,44.8900,529

204,1142,11号线,上海西站,44.8958,528

205,1326,13号线,大渡河路,44.9694,528

206,1540,15号线,大渡河路,44.9713,528

207,1339,13号线,世博大道,45.0738,529

208,1838,18号线,平凉路,45.1338,529

209,0418,4号线,向城路,45.2530,528

210,1833,18号线,迎春路,45.2854,529

211,0114,1号线,锦江乐园,45.3189,529

212,0825,8号线,凌兆新村,45.5813,529

213,0842,8号线,鞍山新村,45.6697,529

214,0749,7号线,杨高南路,45.6911,529

215,0251,2号线,世纪公园,45.8147,529

216,0325,3号线,东宝兴路,45.8487,529

217,0413,4号线,临平路,45.9140,529

218,1045,10号线,龙溪路,45.9418,529

219,0129,1号线,上海马戏城,45.9999,529

220,0633,6号线,源深体育中心,46.1333,529

221,0631,6号线,浦电路,46.1632,528

222,1060,10号线,邮电新村,46.3438,529

223,1242,12号线,宁国路,46.3616,529

224,1155,11号线,三林,46.3634,529

225,0944,9号线,芳甸路,46.4322,529

226,0239,2号线,威宁路,46.4747,529

227,0629,6号线,上海儿童医学中心,46.5098,529

228,0312,3号线,石龙路,46.5434,529

229,1828,18号线,御桥,46.5479,528

230,1159,11号线,御桥,46.5814,528

231,1156,11号线,三林东,46.6703,529

232,0931,9号线,漕河泾开发区,46.8206,529

233,1537,15号线,红宝石路,46.8630,529

234,0750,7号线,锦绣路,46.8712,529

235,1064,10号线,五角场,46.9443,529

236,1446,14号线,蓝天路,47.0470,528

237,0945,9号线,蓝天路,47.0471,528

238,0844,8号线,黄兴路,47.2855,529

239,1225,12号线,虹漕路,47.5135,529

240,0625,6号线,高青路,47.5157,529

241,1841,18号线,抚顺路,47.5393,529

242,1141,11号线,李子园,47.6749,529

243,1427,14号线,真光路,47.7044,529

244,0735,7号线,岚皋路,47.7124,529

245,1445,14号线,云山路,47.8036,528

246,0637,6号线,云山路,47.8395,528

247,0238,2号线,北新泾,47.8651,529

248,0628,6号线,临沂新村,47.9231,529

249,0622,6号线,灵岩南路,47.9519,529

250,1831,18号线,芳芯路,47.9565,529

251,0113,1号线,莲花路,48.0121,529

252,1157,11号线,浦三路,48.0225,529

253,1044,10号线,上海动物园,48.0550,529

254,0623,6号线,上南路,48.0882,529

255,0824,8号线,芦恒路,48.1203,529

256,0130,1号线,汶水路,48.1770,529

257,1541,15号线,梅岭北路,48.2956,529

258,0624,6号线,华夏西路,48.3087,529

259,1065,10号线,江湾体育场,48.3176,529

260,1243,12号线,隆昌路,48.3524,529

261,0751,7号线,芳华路,48.3730,529

262,1062,10号线,同济大学,48.4365,529

263,1158,11号线,康恒路,48.5529,529

264,1829,18号线,莲溪路,48.6635,528

265,1347,13号线,莲溪路,48.6705,528

266,0753,7号线,花木路,48.7245,529

267,1539,15号线,长风公园,48.7802,529

268,1535,15号线,吴中路,48.8090,529

269,0327,3号线,赤峰路,48.9468,529

270,1224,12号线,虹梅路,49.0440,529

271,1830,18号线,北中路,49.0445,529

272,1343,13号线,华鹏路,49.1108,529

273,1536,15号线,姚虹路,49.1949,529

274,1843,18号线,复旦大学,49.3439,529

275,5131,市域机场线,虹桥2号航站楼,49.4067,527

276,0236,2号线,虹桥2号航站楼,49.4608,527

277,1042,10号线,虹桥2号航站楼,49.4622,527

278,0734,7号线,新村路,49.5125,529

279,0253,2号线,张江高科,49.6070,529

280,1325,13号线,真北路,49.6164,529

281,0237,2号线,淞虹路,49.7164,529

282,0112,1号线,外环路,49.8330,529

283,0930,9号线,合川路,49.8602,529

284,0845,8号线,延吉中路,49.9554,529

285,1066,10号线,三门路,50.0098,529

286,0635,6号线,北洋泾路,50.0137,529

287,1244,12号线,爱国路,50.1196,529

288,0328,3号线,大柏树,50.2236,529

289,1043,10号线,虹桥1号航站楼,50.2541,529

290,1140,11号线,祁连山路,50.4387,529

291,1426,14号线,真新新村,50.6082,529

292,1623,16号线,罗山路,50.7760,528

293,1160,11号线,罗山路,50.7760,528

294,1041,10号线,虹桥火车站,50.7921,527

295,1344,13号线,下南路,50.8605,529

296,0131,1号线,彭浦新村,50.8722,529

297,0235,2号线,虹桥火车站,50.8731,527

298,1721,17号线,虹桥火车站,50.8991,527

299,0111,1号线,莘庄,51.1673,528

300,1324,13号线,祁连山南路,51.2077,529

301,0501,5号线,莘庄,51.2082,528

302,0636,6号线,德平路,51.2424,529

303,0733,7号线,大华三路,51.2974,529

304,0254,2号线,金科路,51.3620,529

305,0946,9号线,台儿庄路,51.4267,529

306,1531,15号线,华东理工大学,51.4882,529

307,1345,13号线,北蔡,51.5272,529

308,1844,18号线,上海财经大学,51.6188,529

309,1067,10号线,殷高东路,51.7164,529

310,0846,8号线,黄兴公园,51.8207,529

311,0823,8号线,浦江镇,51.8798,529

312,1245,12号线,复兴岛,51.9031,529

313,0929,9号线,星中路,51.9237,529

314,1544,15号线,武威东路,51.9952,529

315,1223,12号线,东兰路,52.0549,529

316,1348,13号线,华夏中路,52.0582,528

317,1622,16号线,华夏中路,52.0593,528

318,0132,1号线,共康路,52.0860,529

319,1447,14号线,黄杨路,52.1150,529

320,1139,11号线,武威路,52.1316,529

321,1846,18号线,长江南路,52.1441,528

322,1222,12号线,顾戴路,52.1476,529

323,0331,3号线,长江南路,52.1485,528

324,1346,13号线,陈春路,52.1605,529

325,1528,15号线,景洪路,52.2164,528

326,5133,市域机场线,景洪路,52.3282,528

327,0329,3号线,江湾镇,52.4712,529

328,0134,1号线,呼兰路,52.5569,528

329,1851,18号线,呼兰路,52.5608,528

330,1068,10号线,新江湾城,52.5743,529

331,1425,14号线,定边路,52.5812,529

332,1020,10号线,龙柏新村,52.6762,529

333,0732,7号线,行知路,52.7931,529

334,0641,6号线,巨峰路,53.0921,528

335,1247,12号线,巨峰路,53.0923,528

336,1845,18号线,殷高路,53.3537,529

337,0847,8号线,翔殷路,53.5993,529

338,0822,8号线,江月路,53.6179,529

339,1827,18号线,康桥,53.7267,529

340,1545,15号线,古浪路,53.7928,529

341,1448,14号线,云顺路,53.8225,529

342,0928,9号线,七宝,53.8635,529

343,1529,15号线,朱梅路,54.0397,529

344,0255,2号线,广兰路,54.0461,529

345,0638,6号线,金桥路,54.0701,529

346,0947,9号线,金桥,54.0728,529

347,1069,10号线,国帆路,54.1473,529

348,1161,11号线,秀沿路,54.1835,529

349,1019,10号线,紫藤路,54.2058,529

350,1246,12号线,东陆路,54.2949,529

351,0330,3号线,殷高西路,54.3025,529

352,0133,1号线,通河新村,54.3063,529

353,1323,13号线,丰庄,54.4448,529

354,0731,7号线,大场镇,54.4839,529

355,1424,14号线,嘉怡路,54.5094,529

356,1530,15号线,罗秀路,54.6146,529

357,0640,6号线,五莲路,54.7504,529

358,1221,12号线,虹莘路,54.7642,529

359,5132,市域机场线,中春路,54.7783,528

360,0927,9号线,中春路,54.8049,528

361,1138,11号线,桃浦新村,54.9342,529

362,1449,14号线,浦东足球场,55.2199,529

363,0821,8号线,联航路,55.3891,529

364,0848,8号线,嫩江路,55.3932,529

365,1220,12号线,七莘路,55.4283,529

366,1018,10号线,航中路,55.5383,529

367,1546,15号线,祁安路,55.5607,529

368,0234,2号线,国家会展中心,55.6006,529

369,0639,6号线,博兴路,55.7618,529

370,1826,18号线,周浦,55.7891,529

371,0948,9号线,金吉路,55.8538,529

372,1847,18号线,通南路,55.9618,529

373,0730,7号线,场中路,56.1646,529

374,1322,13号线,金沙江西路,56.1787,529

375,0849,8号线,市光路,56.1967,529

376,1423,14号线,临洮路,56.4251,529

377,1450,14号线,金粤路,56.6100,529

378,1162,11号线,康新公路,56.7044,529

379,4101,浦江线,沈杜公路,56.7140,528

380,0949,9号线,金海路,56.7732,528

381,1251,12号线,金海路,56.7799,528

382,0820,8号线,沈杜公路,56.7994,528

383,1321,13号线,金运路,56.9083,529

384,0642,6号线,东靖路,57.2188,529

385,1547,15号线,南大路,57.2370,529

386,1848,18号线,长江西路,57.3170,529

387,0135,1号线,共富新村,57.3255,529

388,1527,15号线,虹梅南路,57.3510,529

389,0256,2号线,唐镇,57.4033,529

390,1825,18号线,繁荣路,57.5742,529

391,1349,13号线,中科路,57.6701,529

392,1070,10号线,双江路,57.6925,529

393,1137,11号线,南翔,57.7164,529

394,0332,3号线,淞发路,57.9207,529

395,0950,9号线,顾唐路,57.9505,529

396,1248,12号线,杨高北路,58.4212,529

397,0233,2号线,蟠祥路·国家会计学院,58.5119,529

398,1451,14号线,桂桥路,58.6490,529

399,1548,15号线,丰翔路,58.8334,529

400,1850,18号线,爱辉路,58.8543,529

401,1824,18号线,沈梅路,58.9859,529

402,1350,13号线,学林路,59.0389,529

403,0643,6号线,五洲大道,59.0784,529

404,1624,16号线,周浦东,59.1547,529

405,1526,15号线,景西路,59.1765,529

406,0729,7号线,上大路,59.2243,529

407,1422,14号线,乐秀路,59.2537,529

408,1071,10号线,高桥西,59.3135,529

409,0502,5号线,春申路,59.4264,529

410,5134,市域机场线,三林南,59.6024,529

411,1550,15号线,顾村公园,59.8055,528

412,0725,7号线,顾村公园,59.8064,528

413,0951,9号线,民雷路,59.8078,529

414,0926,9号线,九亭,59.9957,529

415,0136,1号线,宝安公路,60.0143,529

416,1249,12号线,金京路,60.0700,529

417,1250,12号线,申江路,60.1902,529

418,0726,7号线,祁华路,60.2394,529

419,1549,15号线,锦秋路,60.2667,529

420,1163,11号线,迪士尼,60.3668,529

421,0728,7号线,南陈路,60.4061,529

422,0257,2号线,创新中路,60.4819,529

423,1852,18号线,康文路,60.5028,529

424,1136,11号线,陈翔公路,60.5809,529

425,1351,13号线,张江路,60.6202,529

426,0333,3号线,张华浜,60.7651,529

427,0644,6号线,洲海路,60.8504,529

428,1421,14号线,封浜,61.0763,529

429,0727,7号线,上海大学,61.1020,529

430,0503,5号线,银都路,61.1922,529

431,1722,17号线,国家会展中心,61.8022,529

432,1525,15号线,曙建路,61.8399,529

433,1823,18号线,鹤涛路,61.8491,529

434,0952,9号线,曹路,61.8698,529

435,1072,10号线,高桥,61.8798,529

436,4102,浦江线,三鲁公路,61.9989,529

437,0137,1号线,友谊西路,62.0689,529

438,0648,6号线,港城路,62.3639,528

439,1073,10号线,港城路,62.4077,528

440,5137,市域机场线,浦东1号2号航站楼,62.4105,528

441,0263,2号线,浦东1号2号航站楼,62.4491,528

442,1724,17号线,徐盈路,62.5076,529

443,1524,15号线,双柏路,62.6758,529

444,0334,3号线,淞滨路,62.7388,529

445,1625,16号线,鹤沙航城,62.9643,529

446,0258,2号线,华夏东路,63.3135,529

447,5135,市域机场线,康桥东,63.3198,529

448,0645,6号线,外高桥保税区南,63.4388,529

449,1723,17号线,蟠龙路,63.5734,529

450,4103,浦江线,闵瑞路,63.9190,529

451,0138,1号线,富锦路,63.9380,529

452,1822,18号线,下沙,64.4638,529

453,0335,3号线,水产路,64.4862,529

454,0505,5号线,颛桥,64.6755,529

455,1074,10号线,基隆路,64.8529,529

456,0724,7号线,刘行,64.9084,529

457,1135,11号线,马陆,65.2178,529

458,1725,17号线,徐泾北城,65.2904,529

459,1523,15号线,元江路,65.5041,529

460,0646,6号线,航津路,65.6055,529

461,1626,16号线,航头东,65.6440,529

462,4104,浦江线,浦航路,65.8555,529

463,1627,16号线,新场,65.8851,529

464,1821,18号线,航头,66.4305,529

465,0925,9号线,泗泾,66.4463,529

466,0336,3号线,宝杨路,67.1377,529

467,0507,5号线,北桥,67.2658,529

468,0647,6号线,外高桥保税区北,67.2686,529

469,4105,浦江线,东城一路,67.7228,529

470,0259,2号线,川沙,67.8417,529

471,1134,11号线,嘉定新城,67.9775,529

472,1726,17号线,嘉松中路,68.0153,529

473,0723,7号线,潘广路,68.1169,529

474,1522,15号线,永德路,68.6167,529

475,0338,3号线,铁力路,69.2482,529

476,0337,3号线,友谊路,69.2892,529

477,4106,浦江线,汇臻路,69.7853,529

478,0924,9号线,佘山,70.0904,529

479,0508,5号线,剑川路,70.3968,529

480,1521,15号线,紫竹高新区,70.4761,529

481,1727,17号线,赵巷,70.8065,529

482,5136,市域机场线,上海国际旅游度假区,70.9479,529

483,0260,2号线,凌空路,70.9825,529

484,1133,11号线,白银路,71.2402,529

485,1120,11号线,上海赛车场,71.7451,529

486,0722,7号线,罗南新村,71.7627,529

487,0339,3号线,江杨北路,71.9778,529

488,0509,5号线,东川路,72.8560,529

489,0923,9号线,洞泾,72.9514,529

490,0721,7号线,美兰湖,73.9493,529

491,1131,11号线,嘉定北,75.1268,529

492,1132,11号线,嘉定西,75.1409,529

493,1628,16号线,野生动物园,75.1505,529

494,1728,17号线,汇金路,75.3468,529

495,0261,2号线,远东大道,75.3896,529

496,0531,5号线,江川路,76.2610,529

497,1119,11号线,昌吉东路,76.5038,529

498,0510,5号线,金平路,76.5441,529

499,1629,16号线,惠南,77.0888,529

500,0262,2号线,海天三路,77.2720,529

501,0922,9号线,松江大学城,77.8290,529

502,1729,17号线,青浦新城,77.9863,529

503,0511,5号线,华宁路,79.5548,529

504,1118,11号线,上海汽车城,79.7221,529

505,0921,9号线,松江新城,80.6756,529

506,1730,17号线,漕盈路,81.3912,529

507,0512,5号线,文井路,81.5435,529

508,1117,11号线,安亭,81.9105,529

509,0532,5号线,西渡,81.9274,529

510,0920,9号线,松江体育中心,82.4945,529

511,1116,11号线,兆丰路,82.9570,529

512,0513,5号线,闵行开发区,83.5721,529

513,0919,9号线,醉白池,84.2048,529

514,0533,5号线,萧塘,84.5714,529

515,1630,16号线,惠南东,84.7987,529

516,1731,17号线,淀山湖大道,84.8027,529

517,1115,11号线,光明路,87.0152,529

518,0918,9号线,上海松江站,88.0705,529

519,0534,5号线,奉浦大道,88.6458,529

520,1631,16号线,书院,88.7371,529

521,1114,11号线,花桥,89.0507,529

522,0535,5号线,环城东路,90.7861,529

523,1732,17号线,朱家角,90.8137,529

524,0536,5号线,望园路,93.0028,529

525,0537,5号线,金海湖,93.3555,529

526,1733,17号线,东方绿舟,94.2318,529

527,1632,16号线,临港大道,94.6831,529

528,0538,5号线,奉贤新城,96.5120,529

529,1633,16号线,滴水湖,98.0693,529

530,1734,17号线,西岑,98.6967,529

不同时间可达车站数
station_id,station_name,reach_30,reach_45,reach_60

0123,"人民广场",234,400,480

0245,"人民广场",234,400,480

0835,"人民广场",234,400,480

0121,"陕西南路",224,389,473

1052,"陕西南路",224,389,473

1233,"陕西南路",224,389,473

0122,"一大会址·黄陂南路",221,393,478

1435,"一大会址·黄陂南路",221,393,478

0118,"徐家汇",221,389,489

0934,"徐家汇",221,389,489

1149,"徐家汇",221,389,489

0244,"南京西路",220,389,470

1234,"南京西路",220,389,470

1334,"南京西路",220,389,470

0834,"大世界",220,387,472

1436,"大世界",220,387,472

0243,"静安寺",218,377,477

0739,"静安寺",218,377,477

1434,"静安寺",218,377,477

0125,"汉中路",205,375,465

1235,"汉中路",205,375,465

1332,"汉中路",205,375,465

1050,"交通大学",204,369,476

1148,"交通大学",204,369,476

1055,"豫园",201,382,470

1437,"豫园",201,382,470

0832,"陆家浜路",201,377,470

0939,"陆家浜路",201,377,470

0320,"曹杨路",198,365,469

0407,"曹杨路",198,365,469

1145,"曹杨路",198,365,469

1431,"曹杨路",198,365,469

0242,"江苏路",197,370,481

1147,"江苏路",197,370,481

0422,"西藏南路",197,365,463

0831,"西藏南路",197,365,463

0246,"南京东路",196,374,464

1056,"南京东路",196,374,464

0836,"曲阜路",195,372,460

1236,"曲阜路",195,372,460

0833,"老西门",195,368,467

1054,"老西门",195,368,467

0120,"常熟路",195,365,467

0740,"常熟路",195,365,467

0126,"上海火车站",190,356,458

0323,"上海火车站",190,356,458

0410,"上海火车站",190,356,458

0316,"虹桥路",189,352,470

0403,"虹桥路",189,352,470

1049,"虹桥路",189,352,470

0315,"宜山路",187,343,465

0402,"宜山路",187,343,465

0933,"宜山路",187,343,465

0249,"世纪大道",186,365,456

0417,"世纪大道",186,365,456

0632,"世纪大道",186,365,456

0942,"世纪大道",186,365,456

0936,"嘉善路",185,368,469

1232,"嘉善路",185,368,469

0405,"中山公园",184,348,468

0241,"中山公园",184,347,468

0318,"中山公园",184,347,468

0247,"陆家嘴",182,377,468

1438,"陆家嘴",182,377,468

0938,"马当路",182,368,469

1337,"马当路",182,368,469

1051,"上海图书馆",182,360,462

0321,"镇坪路",182,355,449

0408,"镇坪路",182,355,449

0736,"镇坪路",182,355,449

0424,"大木桥路",182,344,460

1231,"大木桥路",182,344,460

1053,"一大会址·新天地",181,358,462

1336,"一大会址·新天地",181,358,462

0117,"上海体育馆",181,345,464

0401,"上海体育馆",181,345,464

1237,"天潼路",179,358,454

1057,"天潼路",179,357,454

1151,"龙华",178,355,462

1229,"龙华",178,355,462

1329,"武宁路",176,337,456

1432,"武宁路",176,337,456

1440,"浦东大道",172,355,457

1146,"隆德路",172,335,464

1328,"隆德路",172,335,464

0416,"浦东大道",170,355,457

0319,"金沙江路",170,347,459

0406,"金沙江路",170,347,459

1327,"金沙江路",170,347,459

1150,"上海游泳馆",170,344,464

0741,"肇嘉浜路",170,344,462

0935,"肇嘉浜路",170,344,462

1442,"昌邑路",169,356,448

1836,"昌邑路",166,356,448

0119,"衡山路",165,351,462

0837,"中兴路",165,338,455

0743,"龙华中路",165,333,461

1230,"龙华中路",165,333,461

0252,"龙阳路",164,338,444

0752,"龙阳路",164,338,444

1621,"龙阳路",164,338,444

1832,"龙阳路",164,338,444

0425,"东安路",164,329,451

0742,"东安路",164,329,451

0746,"耀华路",162,336,457

0829,"耀华路",162,336,457

0124,"新闸路",161,338,454

1439,"浦东南路",160,357,460

0943,"杨高中路",159,334,440

1834,"杨高中路",159,334,440

1335,"淮海中路",158,341,456

0116,"漕宝路",158,321,451

1227,"漕宝路",158,321,451

0621,"东方体育中心",157,343,448

0737,"长寿路",157,326,443

1330,"长寿路",157,326,443

1433,"武定路",157,321,451

0826,"东方体育中心",156,343,448

1154,"东方体育中心",156,343,448

0322,"中潭路",156,337,446

0409,"中潭路",156,337,446

0317,"延安西路",156,321,443

0404,"延安西路",156,320,443

1048,"宋园路",156,318,450

0937,"打浦桥",155,338,456

0828,"成山路",155,327,446

1341,"成山路",155,327,446

0830,"中华艺术宫",154,334,449

0326,"虹口足球场",154,321,446

0839,"虹口足球场",154,321,446

0941,"商城路",153,329,448

0414,"大连路",152,326,444

1240,"大连路",152,326,444

0115,"上海南站",152,309,442

0311,"上海南站",152,309,442

1532,"上海南站",152,309,442

0426,"上海体育场",150,328,455

0940,"小南门",149,337,454

0838,"西藏北路",149,327,450

0240,"娄山关路",148,319,448

1538,"娄山关路",148,319,448

0745,"长清路",148,316,440

1340,"长清路",148,316,440

0412,"海伦路",147,324,440

1059,"海伦路",147,324,440

1047,"伊犁路",147,304,441

0313,"龙漕路",146,318,447

0423,"鲁班路",146,318,447

1228,"龙漕路",146,318,447

0634,"民生路",144,323,425

1835,"民生路",144,323,425

0627,"高科西路",144,314,440

0748,"高科西路",144,314,440

1241,"江浦公园",143,333,428

1839,"江浦公园",143,333,428

1441,"源深路",142,337,447

1144,"枫桥路",142,309,447

0248,"浦东南路",141,350,453

0127,"中山北路",141,319,441

1238,"国际客运中心",140,319,439

0843,"江浦路",139,322,422

1840,"江浦路",139,322,422

1063,"国权路",139,318,426

1842,"国权路",139,318,426

1331,"江宁路",138,314,435

1143,"真如",138,310,442

1429,"真如",138,310,442

1152,"云锦路",137,319,441

0324,"宝山路",136,321,434

0411,"宝山路",136,321,434

0314,"漕溪路",136,311,450

0738,"昌平路",136,305,432

1333,"自然博物馆",135,321,443

0421,"南浦大桥",135,305,435

1338,"世博会博物馆",132,317,443

0420,"塘桥",132,312,438

0747,"云台路",132,309,444

0827,"杨思",132,301,432

1046,"水城路",132,290,430

0932,"桂林路",131,300,428

1534,"桂林路",131,300,428

0626,"东明路",130,286,425

1342,"东明路",130,286,425

1838,"平凉路",127,313,413

1239,"提篮桥",127,311,435

0419,"蓝村路",127,304,429

0630,"蓝村路",127,304,429

1058,"四川北路",126,308,434

1153,"龙耀路",124,313,431

1837,"丹阳路",123,312,418

1833,"迎春路",122,304,417

0841,"四平路",121,296,430

1061,"四平路",121,296,430

0250,"上海科技馆",120,325,438

0840,"曲阳路",120,302,434

0744,"后滩",120,296,433

1430,"中宁路",120,294,434

1542,"铜川路",120,288,420

1428,"铜川路",120,287,420

1142,"上海西站",120,281,419

1543,"上海西站",120,281,419

0128,"延长路",118,300,434

1242,"宁国路",118,284,420

1226,"桂林公园",115,282,420

1533,"桂林公园",115,282,420

1326,"大渡河路",115,276,419

1540,"大渡河路",115,276,419

1443,"歇浦路",113,312,428

0631,"浦电路",113,291,417

0415,"杨树浦路",112,307,432

0325,"东宝兴路",112,295,424

0842,"鞍山新村",110,282,422

1841,"抚顺路",110,278,398

0114,"锦江乐园",109,269,421

0633,"源深体育中心",108,297,412

1339,"世博大道",108,293,428

0129,"上海马戏城",108,278,422

1537,"红宝石路",108,251,394

0418,"向城路",107,297,429

0629,"上海儿童医学中心",106,289,411

1831,"芳芯路",106,269,393

0413,"临平路",105,292,425

1060,"邮电新村",103,284,417

1064,"五角场",101,271,410

0251,"世纪公园",100,297,425

1045,"龙溪路",100,264,412

0749,"杨高南路",99,288,426

0844,"黄兴路",99,269,410

1830,"北中路",99,261,385

0944,"芳甸路",98,292,412

0312,"石龙路",96,261,399

1347,"莲溪路",96,254,389

1829,"莲溪路",96,254,389

0628,"临沂新村",94,265,406

0750,"锦绣路",93,268,414

1065,"江湾体育场",93,253,406

1843,"复旦大学",93,252,390

0945,"蓝天路",92,285,410

1446,"蓝天路",92,285,410

0931,"漕河泾开发区",92,254,407

1828,"御桥",91,268,423

1159,"御桥",91,267,422

1541,"梅岭北路",91,248,387

1141,"李子园",91,244,402

0113,"莲花路",91,242,396

0625,"高青路",90,257,412

1225,"虹漕路",90,257,400

1243,"隆昌路",89,259,404

0751,"芳华路",88,256,405

1427,"真光路",87,246,407

1445,"云山路",86,272,402

0637,"云山路",86,272,401

0735,"岚皋路",86,258,397

1062,"同济大学",86,252,403

1155,"三林",85,276,414

0753,"花木路",85,261,400

1535,"吴中路",85,232,370

0825,"凌兆新村",84,285,421

0327,"赤峰路",84,256,401

1536,"姚虹路",84,222,368

0239,"威宁路",82,269,417

1343,"华鹏路",82,246,399

0624,"华夏西路",81,246,405

0328,"大柏树",80,236,388

1156,"三林东",79,272,419

1539,"长风公园",79,233,382

1066,"三门路",78,233,397

0636,"德平路",78,232,367

1844,"上海财经大学",78,215,375

0635,"北洋泾路",77,250,380

0623,"上南路",77,248,411

1044,"上海动物园",77,239,403

0130,"汶水路",75,254,408

1244,"爱国路",74,239,384

1344,"下南路",74,221,386

0845,"延吉中路",73,239,392

1325,"真北路",73,229,382

0331,"长江南路",73,198,373

1846,"长江南路",73,198,373

0734,"新村路",72,233,381

0112,"外环路",72,223,378

1348,"华夏中路",72,199,366

1622,"华夏中路",72,199,366

0641,"巨峰路",71,201,357

1247,"巨峰路",71,201,357

0253,"张江高科",70,251,397

0238,"北新泾",70,248,405

1224,"虹梅路",70,233,388

1345,"北蔡",70,217,371

1157,"浦三路",68,250,412

0824,"芦恒路",68,247,404

1158,"康恒路",68,236,409

1346,"陈春路",68,209,364

0946,"台儿庄路",67,228,372

1067,"殷高东路",67,212,382

1845,"殷高路",67,195,360

0622,"灵岩南路",66,247,409

1140,"祁连山路",66,214,376

0930,"合川路",64,226,385

1068,"新江湾城",64,205,375

1544,"武威东路",64,203,353

0640,"五莲路",64,182,342

1426,"真新新村",63,215,381

1245,"复兴岛",63,214,371

0846,"黄兴公园",63,213,381

1160,"罗山路",62,208,389

1623,"罗山路",62,208,389

1531,"华东理工大学",62,203,356

5131,"虹桥2号航站楼",61,218,385

0236,"虹桥2号航站楼",61,216,385

1042,"虹桥2号航站楼",61,216,385

0111,"莘庄",61,212,365

0501,"莘庄",61,212,363

0638,"金桥路",61,188,348

1324,"祁连山南路",60,207,369

0254,"金科路",59,226,380

1139,"武威路",59,190,353

1847,"通南路",59,172,337

0237,"淞虹路",58,225,388

0329,"江湾镇",58,213,360

1223,"东兰路",58,200,361

0639,"博兴路",58,166,335

1447,"黄杨路",57,204,372

1069,"国帆路",57,184,355

1043,"虹桥1号航站楼",56,211,383

0235,"虹桥火车站",56,206,374

1041,"虹桥火车站",56,206,374

1721,"虹桥火车站",56,206,374

1222,"顾戴路",56,198,361

1545,"古浪路",56,178,332

0131,"彭浦新村",55,222,388

0733,"大华三路",55,221,372

0947,"金桥",55,186,356

1827,"康桥",54,177,352

0642,"东靖路",53,156,317

1848,"长江西路",53,154,322

0847,"翔殷路",52,195,364

0929,"星中路",51,201,359

1246,"东陆路",51,189,348

1425,"定边路",50,195,362

0330,"殷高西路",50,182,345

1528,"景洪路",49,188,356

0732,"行知路",48,205,357

0134,"呼兰路",48,195,365

1851,"呼兰路",48,195,364

0823,"浦江镇",48,194,376

1448,"云顺路",48,187,362

5133,"景洪路",48,184,356

0643,"五洲大道",48,143,296

0132,"共康路",47,204,372

1546,"祁安路",47,161,318

0949,"金海路",47,155,328

1251,"金海路",47,155,327

1547,"南大路",46,139,295

1323,"丰庄",45,179,338

1529,"朱梅路",45,177,330

1530,"罗秀路",45,175,326

1161,"秀沿路",45,152,357

1826,"周浦",45,152,337

1020,"龙柏新村",44,194,354

1349,"中科路",44,147,314

1449,"浦东足球场",43,169,348

0255,"广兰路",42,193,354

0822,"江月路",42,174,355

1424,"嘉怡路",42,173,344

1138,"桃浦新村",41,163,327

0948,"金吉路",41,162,339

0644,"洲海路",41,127,273

1450,"金粤路",40,146,336

0332,"淞发路",40,137,319

0928,"七宝",39,183,339

0848,"嫩江路",39,162,346

0849,"市光路",39,160,336

1070,"双江路",39,154,309

1825,"繁荣路",39,139,310

1548,"丰翔路",39,125,282

0927,"中春路",38,168,335

1248,"杨高北路",38,154,312

0234,"国家会展中心",38,152,321

1249,"金京路",38,134,290

1850,"爱辉路",38,132,298

1019,"紫藤路",37,179,334

5132,"中春路",37,168,335

1350,"学林路",37,135,302

1824,"沈梅路",37,121,292

0731,"大场镇",36,186,341

0730,"场中路",36,170,321

1221,"虹莘路",36,162,328

1423,"临洮路",36,149,323

1250,"申江路",36,131,290

1162,"康新公路",36,124,332

1549,"锦秋路",36,106,269

0133,"通河新村",35,179,347

0950,"顾唐路",35,141,314

1451,"桂桥路",35,122,319

0821,"联航路",34,142,330

1137,"南翔",34,137,296

1071,"高桥西",34,136,294

1351,"张江路",34,125,290

0725,"顾村公园",34,122,282

1550,"顾村公园",34,122,282

0645,"外高桥保税区南",33,105,255

1220,"七莘路",32,153,329

0233,"蟠祥路·国家会计学院",32,115,288

0135,"共富新村",31,148,317

1527,"虹梅南路",31,131,298

0333,"张华浜",31,117,277

0646,"航津路",31,95,225

1526,"景西路",30,119,285

0648,"港城路",30,117,263

1073,"港城路",30,117,263

1852,"康文路",30,109,280

1624,"周浦东",30,107,300

0727,"上海大学",30,106,261

0502,"春申路",29,118,270

0951,"民雷路",29,117,300

0726,"祁华路",29,115,273

1722,"国家会展中心",29,81,237

1018,"航中路",28,165,319

1322,"金沙江西路",28,158,322

1136,"陈翔公路",28,107,268

0503,"银都路",28,107,257

1823,"鹤涛路",27,97,264

1625,"鹤沙航城",27,86,245

0505,"颛桥",27,76,218

1724,"徐盈路",27,75,227

1723,"蟠龙路",27,69,218

0729,"上大路",26,132,286

1422,"乐秀路",26,122,290

0728,"南陈路",26,114,275

1072,"高桥",26,107,263

1163,"迪士尼",26,92,281

0647,"外高桥保税区北",26,85,209

1626,"航头东",26,68,196

4101,"沈杜公路",25,119,325

0820,"沈杜公路",25,118,323

0136,"宝安公路",25,110,293

0952,"曹路",25,101,279

1525,"曙建路",25,93,253

0507,"北桥",25,60,195

0256,"唐镇",24,149,323

1321,"金运路",24,146,306

0926,"九亭",24,109,272

5137,"浦东1号2号航站楼",24,100,252

0334,"淞滨路",24,99,253

0263,"浦东1号2号航站楼",24,99,251

1074,"基隆路",24,91,234

1725,"徐泾北城",24,59,206

1524,"双柏路",23,85,243

0724,"刘行",23,81,230

1822,"下沙",23,75,227

1627,"新场",23,66,192

0508,"剑川路",23,42,158

1726,"嘉松中路",22,49,172

0509,"东川路",22,38,130

0137,"友谊西路",21,85,266

0335,"水产路",21,83,231

1135,"马陆",21,73,208

0531,"江川路",21,38,102

1421,"封浜",20,109,266

0257,"创新中路",20,105,296

0723,"潘广路",20,56,198

5135,"康桥东",19,78,221

1134,"嘉定新城",19,58,175

1727,"赵巷",19,42,134

0532,"西渡",19,26,58

0258,"华夏东路",18,81,263

1523,"元江路",18,64,222

1522,"永德路",18,57,178

1728,"汇金路",18,33,88

5134,"三林南",17,102,290

0138,"富锦路",17,68,244

4102,"三鲁公路",17,66,256

0336,"宝杨路",17,64,199

1821,"航头",17,60,194

1120,"上海赛车场",17,38,142

0925,"泗泾",16,51,206

0259,"川沙",16,45,199

0722,"罗南新村",16,41,162

0533,"萧塘",16,23,44

4103,"闵瑞路",15,51,222

0510,"金平路",15,34,103

0511,"华宁路",15,31,75

1729,"青浦新城",15,27,74

1119,"昌吉东路",15,26,92

1730,"漕盈路",15,24,60

0338,"铁力路",14,53,170

0337,"友谊路",14,53,168

4104,"浦航路",14,43,199

1133,"白银路",14,37,145

0721,"美兰湖",14,34,134

0512,"文井路",14,28,61

1521,"紫竹高新区",13,49,154

0924,"佘山",13,38,166

1118,"上海汽车城",13,22,74

0534,"奉浦大道",13,21,38

0339,"江杨北路",12,45,141

0923,"洞泾",12,26,133

1117,"安亭",12,21,62

4105,"东城一路",11,39,171

0260,"凌空路",11,31,160

4106,"汇臻路",11,31,140

1629,"惠南",11,30,88

1131,"嘉定北",11,29,109

1132,"嘉定西",11,29,109

0513,"闵行开发区",11,23,52

1731,"淀山湖大道",11,21,42

0922,"松江大学城",11,19,78

5136,"上海国际旅游度假区",10,45,146

0535,"环城东路",10,20,35

1116,"兆丰路",10,19,49

1628,"野生动物园",9,31,102

0261,"远东大道",9,24,99

0262,"海天三路",9,24,79

0536,"望园路",9,20,31

0537,"金海湖",9,19,35

1732,"朱家角",9,15,30

0538,"奉贤新城",8,17,27

0921,"松江新城",8,16,54

1630,"惠南东",8,16,48

1115,"光明路",8,16,35

1114,"花桥",8,16,30

1733,"东方绿舟",8,15,26

0920,"松江体育中心",8,14,47

0919,"醉白池",7,13,42

0918,"上海松江站",7,12,28

1631,"书院",7,11,34

1734,"西岑",6,12,21

1632,"临港大道",5,9,26

1633,"滴水湖",5,8,21